start=70.840505
volume=130.000000
fullscreen=no
