start=404.112000
volume=130.000000
