start=1040.566667
speed=1.464100
volume=130.000000
