start=5325.000000
speed=1.464100
pause=yes
volume=126.000000
