start=0.000000
pause=yes
volume=46.000000
