start=23.190000
volume=106.000000
