start=293.021421
volume=80.000000
fullscreen=no
