start=3477.833333
speed=1.331000
volume=100.000000
