start=966.365400
volume=128.000000
af=
