start=0.917583
speed=1.331000
