start=175.000000
speed=1.771561
pause=yes
volume=130.000000
