start=29.071000
volume=100.000000
