start=84.459000
volume=114.000000
aid=2
sid=2
