start=7051.294250
volume=114.000000
