start=143.560000
volume=100.000000
audio-delay=-0.000000
