start=0.866667
speed=1.464100
volume=130.000000
