start=1672.666667
speed=1.610510
fullscreen=no
