start=35.326958
volume=126.000000
