start=331.080750
volume=125.000000
