start=91.549938
volume=100.000000
