start=1.733333
volume=50.000000
