start=234.367467
volume=88.000000
