start=1421.878792
volume=130.000000
fullscreen=no
