start=8.467000
volume=42.000000
