start=1131.230100
volume=78.000000
