start=460.559367
volume=118.000000
