start=2116.100000
speed=1.771561
pause=yes
volume=130.000000
fullscreen=no
