start=29.238000
volume=112.000000
aid=1
