start=14.932000
volume=100.000000
fullscreen=no
