start=6025.066667
pause=yes
volume=116.000000
