start=1808.333333
speed=1.331000
pause=yes
volume=128.000000
