start=3608.100000
speed=1.610510
volume=130.000000
fullscreen=no
