start=8222.500000
speed=1.610510
pause=yes
volume=130.000000
