start=8176.700000
speed=1.610510
