start=8.833333
volume=100.000000
