start=0.792458
volume=124.000000
