start=3.952355
volume=86.000000
