start=1.368033
sub-scale=1.200000
