start=5.714000
volume=100.000000
sid=2
