start=148.648000
volume=120.000000
