start=1.346206
volume=62.000000
