start=182.916067
volume=120.000000
