start=21.653000
pause=yes
volume=82.000000
sid=9
