start=379.045699
volume=110.000000
