start=51.346294
volume=86.000000
fullscreen=no
