start=1562.373578
volume=68.000000
aid=1
sid=1
