start=1.208224
volume=90.000000
