start=709.334000
pause=yes
volume=84.000000
aid=2
sid=3
