start=165.851826
volume=115.000000
