start=10.770980
volume=98.000000
