start=11.311311
volume=55.000000
