start=133.377534
volume=74.000000
af=
