start=1490.300000
speed=1.331000
pause=yes
volume=130.000000
fullscreen=no
