start=290.707083
pause=yes
volume=30.000000
