start=208.511716
volume=128.000000
af=
