start=30.322000
volume=72.000000
