start=6.381000
volume=104.000000
sid=1
