start=0.733333
speed=1.331000
volume=130.000000
