start=0.625625
volume=54.000000
