start=15.515000
volume=76.000000
