start=9.154985
volume=42.000000
