start=128.920458
volume=55.000000
