start=142.309000
volume=98.000000
