start=2708.566667
volume=110.000000
