start=1344.551542
sub-scale=1.200000
