start=258.558300
volume=54.000000
af=
