start=52.592586
volume=130.000000
fullscreen=no
