start=4.004000
volume=100.000000
