start=41.332002
volume=130.000000
fullscreen=no
