start=48.339958
pause=yes
volume=100.000000
