start=48.214833
volume=74.000000
af=
