start=0.634000
volume=130.000000
af=
