start=564.397000
volume=96.000000
fullscreen=no
