start=4268.033333
pause=yes
volume=130.000000
