start=39.266665
volume=72.000000
fullscreen=no
