start=0.547014
volume=100.000000
