start=89.590000
volume=118.000000
af=
