start=14.139125
volume=105.000000
