start=7345.500000
pause=yes
volume=96.000000
mute=yes
sid=7
