start=609.627000
pause=yes
volume=84.000000
