start=103.270000
pause=yes
volume=44.000000
sid=3
