start=33.074708
volume=106.000000
contrast=13
