start=0.166833
volume=76.000000
