start=118.355004
volume=120.000000
fullscreen=no
