start=28.596199
volume=100.000000
