start=2.628000
volume=128.000000
sid=1
