start=-0.049709
volume=86.000000
fullscreen=no
