start=6264.425000
volume=96.000000
aid=4
sid=no
