start=1.601600
volume=100.000000
