start=208.729000
volume=96.000000
