start=1987.866667
speed=1.331000
volume=122.000000
