start=30.130214
volume=130.000000
af=
