start=9.009000
volume=48.000000
fullscreen=no
