start=58.915050
volume=130.000000
fullscreen=no
