start=7975.266667
speed=1.464100
volume=130.000000
af=
vid=1
sub-pos=101
