start=18.725034
volume=62.000000
fullscreen=no
