start=54.386027
volume=76.000000
af=
