start=29.279250
volume=102.000000
fullscreen=no
