start=1726.100000
volume=104.000000
