start=46.651000
volume=102.000000
