start=0.209000
fullscreen=no
aid=1
sid=1
sub-scale=1.400000
