start=10.135125
pause=yes
volume=84.000000
