start=1.168000
volume=130.000000
