start=3964.866667
speed=1.331000
volume=130.000000
fullscreen=no
sid=no
