start=1.003700
volume=100.000000
af=
