start=1783.611600
volume=120.000000
af=
