start=8.257083
volume=114.000000
