start=28.996108
volume=48.000000
fullscreen=no
