start=136.136000
speed=1.210000
pause=yes
