start=3949.300000
speed=1.331000
volume=100.000000
fullscreen=no
