start=1.266667
volume=102.000000
