start=1077.666667
audio-delay=0.100000
