start=1810.966667
speed=1.948717
volume=118.000000
