start=7.461755
volume=100.000000
af=
