start=5075.862458
speed=1.464100
fullscreen=no
