start=6.089417
volume=100.000000
