start=4.620144
volume=124.000000
