start=935.518000
volume=95.000000
