start=246.899670
volume=88.000000
