start=1681.300000
volume=128.000000
fullscreen=no
