start=31.464329
volume=130.000000
fullscreen=no
