start=21.350000
volume=130.000000
