start=9.217542
pause=yes
volume=90.000000
