start=210.668083
volume=42.000000
