start=1056.073611
volume=124.000000
af=
