start=6947.933000
speed=1.464100
fullscreen=no
