start=250.083000
volume=72.000000
