start=9.025264
volume=118.000000
af=
