start=0.625625
volume=24.000000
