start=6662.155500
volume=56.000000
fullscreen=no
