start=9.325305
volume=94.000000
af=
