start=7.424083
volume=98.000000
