start=4706.833000
speed=1.464100
