start=35.633657
volume=130.000000
af=
