start=3738.966667
volume=130.000000
fullscreen=no
