start=0.792458
volume=78.000000
