start=1.981768
volume=130.000000
af=
