start=1496.951925
volume=76.000000
af=
