start=54.254200
volume=72.000000
