start=9.759000
volume=78.000000
