start=268.309708
pause=yes
volume=66.000000
