start=4861.000000
speed=1.610510
pause=yes
