start=4.702621
volume=104.000000
af=
