start=5.088417
volume=72.000000
