start=22.022000
volume=62.000000
