start=60.769000
volume=112.000000
