start=82.040292
volume=65.000000
