start=0.000000
pause=yes
volume=100.000000
