start=22.773992
volume=110.000000
