start=318.700000
volume=100.000000
