start=4830.367208
volume=130.000000
