start=54.900000
volume=130.000000
af=
