start=4181.233333
speed=1.331000
pause=yes
volume=130.000000
af=
