start=6055.549500
speed=1.610510
pause=yes
volume=125.000000
fullscreen=no
