start=0.500500
volume=80.000000
