start=158.909000
volume=100.000000
sid=1
