start=47.798000
volume=82.000000
