start=247.205000
volume=102.000000
af=
