start=159.893067
volume=75.000000
