start=4.212542
volume=54.000000
