start=46.132562
volume=70.000000
fullscreen=no
