start=6436.555125
speed=1.610510
pause=yes
volume=130.000000
fullscreen=no
vid=1
