start=3.465132
volume=96.000000
