start=59.100708
volume=95.000000
