start=187.854000
volume=100.000000
af=
