start=13.500000
volume=100.000000
