start=124.624500
pause=yes
volume=100.000000
aid=2
