start=9.090324
volume=54.000000
af=
