start=609.609000
pause=yes
volume=82.000000
