start=429.930000
volume=30.000000
