start=112.404000
volume=100.000000
