start=1004.837167
speed=1.464100
