start=86.399116
volume=68.000000
af=
