start=0.000000
speed=1.331000
pause=yes
volume=130.000000
