start=54.342770
volume=78.000000
af=
