start=1183.399562
volume=90.000000
