start=1135.009000
pause=yes
volume=34.000000
