start=189.604653
volume=85.000000
