start=728.102000
volume=98.000000
