start=1422.050000
pause=yes
volume=115.000000
fullscreen=no
aid=1
sid=1
