start=14.433333
volume=130.000000
fullscreen=no
