start=1798.240000
volume=85.000000
fullscreen=no
