start=0.584000
volume=80.000000
aid=2
sid=7
