start=1468.717000
volume=52.000000
aid=2
sid=2
