start=62.366667
sub-scale=1.200000
