start=348.765000
volume=62.000000
aid=1
sid=1
