start=1672.233333
speed=1.464100
pause=yes
volume=130.000000
af=
