start=5.940558
volume=120.000000
