start=36.411375
volume=48.000000
