start=5432.533333
speed=1.610510
pause=yes
volume=102.000000
fullscreen=no
