start=228.464658
volume=114.000000
