start=7148.733333
speed=1.610510
volume=124.000000
