start=44.067307
volume=130.000000
fullscreen=no
