start=5394.150000
speed=1.464100
fullscreen=no
