start=9.718000
volume=100.000000
