start=196.696000
volume=55.000000
