start=8236.311417
speed=1.331000
