start=0.751000
volume=125.000000
