start=224.423472
volume=100.000000
af=
