start=3.431401
volume=108.000000
