start=0.876000
pause=yes
volume=72.000000
af=
aid=2
sid=2
