start=57.557000
pause=yes
volume=128.000000
fullscreen=no
saturation=1
