start=107.399000
volume=92.000000
sid=2
