start=1.835167
volume=99.000000
sub-pos=101
