start=1047.876233
volume=128.000000
af=
