start=109.921843
volume=72.000000
af=
