start=4314.518542
speed=1.331000
pause=yes
volume=125.000000
