start=46.399531
volume=130.000000
fullscreen=no
