start=4.067000
volume=118.000000
af=
