start=15.716000
volume=70.000000
