start=0.709042
volume=62.000000
