start=575.658000
volume=92.000000
aid=1
sid=3
