start=178.261000
pause=yes
volume=70.000000
sid=2
