start=0.209000
volume=120.000000
aid=2
sid=3
