start=20.666667
volume=116.000000
