start=193.986000
volume=72.000000
