start=1.008367
volume=126.000000
af=
