start=1398.814083
volume=84.000000
