start=119.625596
volume=92.000000
af=
