start=25.359000
volume=100.000000
