start=622.378959
volume=75.000000
