start=3644.733333
speed=1.610510
volume=128.000000
