start=2773.061958
speed=1.331000
pause=yes
volume=110.000000
fullscreen=no
