start=3693.690000
volume=100.000000
