start=93.677000
volume=56.000000
af=
