start=202.952750
volume=52.000000
