start=9406.700000
speed=1.331000
volume=72.000000
