start=1348.400000
speed=1.331000
volume=130.000000
