start=30.033333
volume=130.000000
af=
