start=12.207387
volume=62.000000
fullscreen=no
