start=3.045000
ab-loop-a=0.042000
