start=43.252000
volume=78.000000
