start=116.221287
volume=130.000000
af=
