start=17.458333
volume=126.000000
