start=824.365208
volume=66.000000
