start=32.429136
volume=130.000000
fullscreen=no
