start=72.872800
volume=120.000000
