start=3853.975125
speed=1.464100
volume=64.000000
