start=7119.400000
speed=1.771561
volume=128.000000
