start=18.643625
volume=80.000000
