start=324.199000
volume=100.000000
sid=1
