start=57.669716
volume=85.000000
fullscreen=no
