start=39.033333
pause=yes
volume=100.000000
mute=yes
saturation=0
