start=116.074292
volume=96.000000
