start=1360.400000
speed=1.610510
pause=yes
