start=0.667333
volume=6.000000
