start=2169.720000
speed=1.331000
pause=yes
