start=4011.966000
pause=yes
volume=86.000000
aid=1
sid=1
