start=3046.755446
volume=75.000000
fullscreen=no
