start=278.320000
volume=82.000000
af=
