start=919.085000
volume=94.000000
aid=1
sid=6
