start=399.232000
volume=50.000000
