start=1780.993986
volume=120.000000
af=
