start=4.333333
speed=2.143589
pause=yes
volume=106.000000
fullscreen=no
