start=0.375000
volume=62.000000
