start=14.156124
volume=102.000000
