start=63.083793
volume=130.000000
fullscreen=no
