start=3420.316667
speed=1.610510
volume=115.000000
fullscreen=no
