start=1757.547458
speed=1.610510
pause=yes
