start=399.858000
pause=yes
volume=100.000000
audio-delay=-0.000000
fullscreen=no
sid=3
