start=6.700000
volume=100.000000
