start=51.843000
volume=85.000000
aid=1
