start=6608.566667
speed=1.071794
pause=yes
volume=88.000000
