start=142.893000
volume=112.000000
