start=7196.700000
speed=1.464100
volume=130.000000
